Readme:
l represents the burst deletion length, goes from 1 to 20;
For each l, there are six rows. Each row has 10 elements, representing results of 10 independent trials. The edit distances are negative due to implementation, and are unnormalized. From the first row to the sixth row, algorithms are
LZSS, 
LZSS with Huffman encoding (similar to deflate),
LZW with fixed-length pointers
LZW with variable-length pointers
Huffman,
Stable Huffman

l=1
-270,-203,-104,-121,-163,-204,-232,-95,-212,-180,
-1317,-1364,-8,-124,-747,-290,-467,-888,-302,-197,
-575,-423,-6,-6,-931,-903,-847,-8,-8,-367,
-575,-423,-6,-6,-929,-903,-847,-8,-8,-367,
-8,-8,-7,-11,-8,-9,-237,-8,-8,-7,
-8,-8,-7,-11,-8,-9,-11,-8,-8,-7,
l=2
-196,-205,-200,-251,-201,-193,-161,-91,-300,-255,
-1207,-1261,-784,-276,-268,-722,-1267,-1273,-1488,-1427,
-2011,-232,-117,-315,-1407,-12,-1830,-10,-26,-946,
-2005,-232,-117,-315,-1401,-12,-1818,-10,-26,-946,
-10,-391,-141,-15,-11,-14,-16,-14,-10,-15,
-10,-77,-17,-15,-11,-14,-16,-14,-10,-15,
l=3
-54,-264,-52,-225,-174,-364,-37,-231,-167,-69,
-15,-1252,-1290,-1243,-1217,-550,-1284,-864,-1363,-21,
-29,-1049,-25,-2402,-322,-1126,-22,-225,-255,-33,
-29,-1049,-25,-2394,-322,-1128,-22,-225,-255,-33,
-15,-16,-15,-15,-141,-15,-15,-132,-16,-16,
-15,-16,-15,-15,-17,-15,-15,-20,-16,-16,
l=4
-173,-119,-80,-189,-304,-226,-241,-44,-104,-141,
-655,-684,-1292,-1237,-1436,-1672,-270,-707,-234,-20,
-130,-20,-31,-134,-2503,-180,-274,-22,-2978,-14,
-130,-20,-31,-134,-2491,-180,-274,-22,-2964,-14,
-395,-400,-21,-20,-20,-19,-22,-395,-22,-19,
-85,-86,-21,-20,-20,-19,-22,-85,-22,-19,
l=5
-92,-230,-136,-172,-278,-292,-270,-123,-40,-404,
-1357,-1186,-805,-27,-1442,-1249,-803,-1287,-1376,-1028,
-4034,-948,-4789,-292,-632,-1762,-1096,-46,-11,-829,
-3970,-948,-4701,-292,-632,-1760,-1090,-46,-11,-827,
-149,-29,-24,-252,-25,-27,-25,-24,-401,-24,
-25,-29,-24,-26,-25,-27,-25,-24,-87,-24,
l=6
-383,-202,-87,-381,-311,-386,-283,-319,-39,-349,
-1589,-2369,-28,-753,-1196,-1292,-1501,-1316,-1281,-248,
-732,-4658,-55,-978,-1144,-614,-302,-718,-22,-1205,
-732,-4558,-55,-974,-1138,-614,-302,-718,-22,-1207,
-27,-27,-28,-31,-153,-253,-255,-30,-29,-28,
-27,-27,-28,-31,-29,-29,-33,-30,-29,-28,
l=7
-166,-168,-120,-190,-59,-160,-216,-148,-54,-321,
-1151,-1011,-1270,-1250,-1290,-1350,-1261,-1673,-1283,-2066,
-2183,-5201,-110,-3382,-61,-476,-3116,-2400,-42,-570,
-2171,-5065,-110,-3372,-61,-476,-3080,-2382,-42,-570,
-258,-36,-35,-35,-35,-31,-35,-33,-259,-258,
-32,-36,-35,-35,-35,-31,-35,-33,-33,-34,
l=8
-437,-303,-412,-216,-398,-374,-251,-443,-337,-303,
-2507,-1356,-852,-1275,-1308,-1533,-1242,-2669,-1061,-1273,
-810,-874,-1003,-235,-1494,-1436,-476,-3452,-640,-786,
-810,-874,-1003,-235,-1492,-1434,-476,-3404,-640,-786,
-39,-39,-38,-34,-38,-267,-38,-34,-39,-389,
-39,-39,-38,-34,-38,-41,-38,-34,-39,-41,
l=9
-189,-278,-322,-250,-320,-138,-266,-272,-276,-248,
-1273,-543,-1296,-1221,-1530,-39,-1476,-818,-1224,-696,
-235,-2251,-2947,-2309,-1135,-76,-2556,-521,-500,-377,
-235,-2245,-2931,-2297,-1135,-76,-2546,-521,-500,-377,
-41,-39,-267,-264,-38,-40,-40,-44,-42,-44,
-41,-39,-43,-40,-38,-40,-40,-44,-42,-44,
l=10
-350,-225,-377,-343,-587,-351,-153,-289,-128,-409,
-1962,-3465,-2150,-726,-1844,-330,-1132,-1239,-1693,-1958,
-3481,-256,-640,-1974,-1816,-355,-46,-397,-71,-1233,
-3447,-256,-640,-1958,-1808,-355,-46,-397,-71,-1229,
-46,-169,-171,-157,-648,-47,-42,-44,-46,-49,
-46,-45,-51,-45,-108,-47,-42,-44,-46,-49,
l=11
-429,-346,-164,-395,-292,-102,-363,-249,-253,-256,
-1413,-191,-1230,-3348,-337,-1507,-2057,-2491,-1259,-497,
-1527,-1844,-2792,-3719,-336,-50,-748,-3345,-577,-4410,
-1523,-1834,-2774,-3651,-336,-50,-748,-3309,-577,-4342,
-51,-50,-53,-47,-50,-163,-51,-48,-48,-273,
-51,-50,-53,-47,-50,-51,-51,-48,-48,-49,
l=12
-244,-358,-174,-207,-385,-408,-117,-313,-340,-418,
-545,-1418,-58,-1307,-1303,-1336,-53,-2716,-1276,-2284,
-83,-632,-4007,-64,-3468,-2870,-33,-376,-676,-769,
-83,-632,-3955,-64,-3424,-2848,-33,-376,-676,-769,
-167,-403,-52,-546,-51,-55,-280,-281,-309,-54,
-55,-57,-52,-122,-51,-55,-54,-55,-61,-54,
l=13
-106,-332,-357,-333,-340,-510,-377,-324,-49,-318,
-1292,-636,-1379,-951,-1293,-1149,-955,-1682,-1179,-776,
-68,-4582,-2490,-253,-1000,-957,-575,-1691,-55,-2145,
-68,-4498,-2466,-253,-1000,-957,-575,-1681,-55,-2121,
-59,-280,-300,-536,-58,-57,-62,-54,-61,-431,
-59,-56,-64,-120,-58,-57,-62,-54,-61,-301,
l=14
-374,-348,-191,-122,-325,-171,-205,-538,-336,-498,
-1498,-1255,-1021,-1289,-1303,-1314,-1237,-1058,-1791,-1196,
-864,-1677,-5054,-93,-589,-135,-98,-1828,-673,-3329,
-864,-1675,-4902,-93,-589,-135,-98,-1822,-673,-3301,
-2074,-172,-60,-63,-64,-178,-60,-59,-63,-1233,
-66,-62,-60,-63,-64,-66,-60,-59,-63,-63,
l=15
-266,-165,-315,-131,-181,-428,-216,-276,-186,-297,
-1294,-1430,-1383,-1516,-53,-3067,-1338,-321,-602,-1287,
-769,-256,-2282,-71,-107,-2282,-845,-431,-141,-455,
-769,-256,-2272,-71,-107,-2272,-845,-431,-141,-455,
-181,-670,-305,-69,-65,-436,-416,-65,-293,-64,
-71,-132,-71,-69,-65,-128,-70,-65,-67,-64,
l=16
-414,-337,-477,-355,-424,-523,-348,-420,-393,-244,
-1285,-3390,-1451,-1672,-2457,-1899,-1485,-844,-1327,-1271,
-1907,-5045,-953,-3216,-3242,-1848,-760,-519,-193,-4518,
-1891,-4911,-953,-3194,-3204,-1840,-760,-519,-193,-4430,
-70,-70,-187,-67,-292,-196,-184,-70,-68,-67,
-70,-70,-77,-67,-68,-72,-74,-70,-68,-67,
l=17
-338,-474,-379,-360,-363,-135,-152,-346,-428,-266,
-1732,-899,-1374,-2574,-674,-615,-1308,-963,-1348,-69,
-218,-874,-542,-526,-91,-66,-67,-242,-239,-147,
-218,-874,-542,-526,-91,-66,-67,-242,-239,-147,
-298,-189,-74,-190,-74,-298,-73,-71,-75,-297,
-76,-79,-74,-80,-74,-74,-73,-71,-75,-73,
l=18
-423,-215,-171,-676,-217,-222,-466,-276,-430,-488,
-1479,-77,-1730,-3366,-1525,-84,-1691,-1310,-1209,-1288,
-991,-83,-55,-2037,-91,-4495,-1841,-302,-2493,-674,
-991,-83,-55,-2027,-91,-4411,-1827,-302,-2465,-674,
-2087,-79,-303,-448,-209,-76,-448,-206,-76,-676,
-83,-79,-79,-138,-85,-76,-142,-82,-76,-140,
l=19
-154,-453,-377,-360,-216,-316,-446,-478,-469,-420,
-1336,-466,-731,-1245,-1163,-1342,-1279,-1366,-1534,-1333,
-120,-1975,-4891,-2305,-115,-850,-564,-1114,-3619,-671,
-120,-1967,-4789,-2277,-115,-850,-564,-1110,-3583,-671,
-83,-82,-308,-79,-337,-81,-77,-83,-432,-456,
-83,-82,-84,-79,-91,-81,-77,-83,-86,-142,
l=20
-290,-474,-394,-485,-325,-383,-96,-327,-509,-587,
-2946,-2139,-1352,-1742,-1188,-3721,-1283,-1274,-1984,-3233,
-251,-2302,-127,-4273,-295,-447,-77,-234,-1344,-1816,
-251,-2286,-127,-4187,-295,-447,-77,-234,-1342,-1814,
-88,-196,-86,-306,-82,-312,-461,-91,-425,-313,
-88,-88,-86,-84,-82,-86,-147,-91,-157,-89,
